40
204
40
47
245
131
232
128
143
78
0
9
192
156
182
74
19
153
17
127
234
248
141
127
203
241
18
228
251
133
39
108
78
9
100
159
61
226
37
178
57
142
134
172
63
228
139
199
173
156
158
25
84
17
63
115
206
70
247
138
17
39
141
84
69
18
125
181
211
150
166
91
191
123
67
231
55
2
28
77
108
109
254
125
160
194
104
67
128
205
135
107
181
100
100
42
182
239
93
185
224
39
210
67
200
29
32
1
208
126
211
164
248
22
23
243
247
148
112
181
139
141
171
209
13
195
21
180
72
166
234
243
139
27
16
49
253
125
5
68
49
225
23
147
250
159
211
194
129
14
191
146
148
142
76
2
65
204
6
187
164
65
14
170
253
252
202
239
5
162
219
246
131
179
79
227
26
14
24
52
101
184
189
161
70
217
80
71
122
7
160
6
113
199
175
40
93
81
103
67
138
148
136
96
237
122
229
92
255
109
208
143
204
26
211
172
70
117
161
232
224
253
75
95
88
65
183
179
212
163
79
246
49
92
246
202
152
192
64
198
82
195
226
28
221
189
103
121
63
106
37
45
154
53
112
140
1
182
13
148
138
121
233
208
164
1
11
123
171
12
200
233
186
25
54
35
193
40
227
210
215
193
198
94
209
55
117
86
19
46
153
19
166
91
159
152
139
139
177
189
79
231
229
141
224
118
180
236
159
227
173
125
182
129
106
194
172
140
196
133
55
178
67
119
81
209
216
24
141
3
207
214
172
216
255
121
107
226
68
190
160
119
47
66
133
178
251
162
84
187
195
225
20
72
243
10
178
100
253
22
83
112
77
15
233
103
126
118
4
102
206
227
236
107
207
235
236
92
96
70
240
76
220
49
83
251
145
18
242
155
116
91
133
218
18
176
47
28
202
76
83
8
58
161
170
71
247
62
146
136
129
246
169
200
118
63
155
208
5
216
56
255
166
175
202
73
8
1
165
128
75
195
255
210
112
65
2
148
14
5
32
62
70
250
167
182
248
209
149
209
55
164
173
23
251
217
202
198
22
74
116
26
106
162
177
204
88
10
29
216
124
6
61
132
151
153
17
158
204
176
232
5
16
190
120
107
220
163
46
88
36
210
195
114
141
179
16
253
219
70
35
158
168
10
146
100
92
29
15
8
89
164
61
116
118
109
195
131
175
211
158
8
27
226
187
17
30
188
197
109
223
59
60
107
252
216
199
229
125
204
203
125
7
117
60
39
82
250
179
232
221
50
193
221
225
194
132
126
131
134
119
36
77
51
142
201
223
58
131
15
226
239
106
132
62
234
140
37
141
173
114
33
207
136
64
223
95
186
69
65
38
217
207
43
14
116
68
63
185
246
110
235
116
205
23
166
102
204
214
118
13
206
40
182
236
157
194
22
125
18
38
227
109
125
117
137
8
70
132
86
243
213
49
128
25
176
248
106
231
227
193
35
188
165
252
47
155
56
240
139
36
17
80
235
194
57
16
70
37
243
118
148
243
159
116
215
186
222
53
88
42
247
246
51
129
122
23
21
70
35
114
69
58
0
235
225
140
214
72
107
76
194
68
132
34
28
222
246
64
160
247
248
149
208
28
174
67
148
161
240
84
36
239
76
168
39
30
78
50
29
199
254
101
250
19
171
232
19
24
231
145
62
102
211
145
53
220
157
236
60
193
70
45
4
16
169
87
206
18
185
30
211
50
10
87
228
14
147
174
78
202
178
151
0
169
112
135
240
222
7
99
186
159
161
57
138
124
99
46
61
239
170
183
195
52
148
12
200
90
195
218
147
155
93
56
46
233
87
221
199
201
244
144
86
100
136
223
128
219
130
20
187
220
169
101
180
115
166
107
238
34
195
214
171
51
242
94
15
77
17
253
131
70
108
91
88
56
132
138
172
215
15
243
146
1
63
144
109
151
71
92
157
140
28
8
94
59
120
240
236
254
37
77
236
252
120
172
7
66
28
159
216
22
16
178
8
135
243
160
183
73
128
199
30
192
85
218
115
91
248
214
13
35
27
55
201
148
31
107
172
171
216
135
202
64
144
57
102
150
78
253
90
49
88
148
186
231
246
179
180
58
121
248
186
229
124
33
228
181
106
128
143
154
64
170
75
254
148
112
244
85
215
16
30
246
215
172
182
41
135
250
231
129
3
62
59
108
207
117
3
8
95
211
248
56
221
112
34
248
38
63
249
237
22
63
203
64
5
245
93
173
145
25
213
215
158
144
215
223
156
154
239
52
9
77
47
173
54
66
25
